{
 "schema_version": "qlab-trace/1",
 "case_id": "maxcut",
 "category": "variational",
 "title": {
  "en": "MaxCut — QAOA vs classical",
  "es": "MaxCut — QAOA vs clásico"
 },
 "concept": {
  "en": "MaxCut splits a graph's vertices into two groups to cut as many edges as possible — NP-hard in general. QAOA encodes it as an Ising cost Hamiltonian and alternates cost/mixer layers, optimizing the angles (γ, β) classically. We run QAOA on Qiskit and PennyLane and put it next to exact brute force and a greedy heuristic on the SAME graph. The honest result: at these sizes the classical optimum is found in microseconds and QAOA does not win.",
  "es": "MaxCut divide los vértices de un grafo en dos grupos para cortar la mayor cantidad de aristas posible — NP-difícil en general. QAOA lo codifica como un Hamiltoniano de costo tipo Ising y alterna capas de costo/mezcla, optimizando los ángulos (γ, β) de forma clásica. Corremos QAOA en Qiskit y PennyLane y lo ponemos junto a la fuerza bruta exacta y una heurística voraz sobre el MISMO grafo. El resultado honesto: a estos tamaños el óptimo clásico se encuentra en microsegundos y QAOA no gana."
 },
 "metric": {
  "en": "cut value (edges crossing)",
  "es": "valor del corte (aristas cruzadas)"
 },
 "instance": {
  "id": "triangle",
  "title": {
   "en": "Triangle K₃",
   "es": "Triángulo K₃"
  },
  "params": {
   "n": 3,
   "edges": [
    [
     0,
     1
    ],
    [
     1,
     2
    ],
    [
     0,
     2
    ]
   ]
  },
  "note": {
   "en": "Odd cycle — at most 2 of 3 edges can be cut (frustration).",
   "es": "Ciclo impar — a lo más 2 de 3 aristas se cortan (frustración)."
  }
 },
 "qubits": 3,
 "lane": "precompute",
 "lane_reasons": [
  "needs noise / mid-circuit feed-forward / optimization loop (offline engine only)"
 ],
 "seed": 42,
 "shots": 2048,
 "primary_solver": "qaoa-qiskit",
 "trace": {
  "case_id": "maxcut",
  "title": {
   "en": "MaxCut — QAOA vs classical",
   "es": "MaxCut — QAOA vs clásico"
  },
  "concept": {
   "en": "MaxCut splits a graph's vertices into two groups to cut as many edges as possible — NP-hard in general. QAOA encodes it as an Ising cost Hamiltonian and alternates cost/mixer layers, optimizing the angles (γ, β) classically. We run QAOA on Qiskit and PennyLane and put it next to exact brute force and a greedy heuristic on the SAME graph. The honest result: at these sizes the classical optimum is found in microseconds and QAOA does not win.",
   "es": "MaxCut divide los vértices de un grafo en dos grupos para cortar la mayor cantidad de aristas posible — NP-difícil en general. QAOA lo codifica como un Hamiltoniano de costo tipo Ising y alterna capas de costo/mezcla, optimizando los ángulos (γ, β) de forma clásica. Corremos QAOA en Qiskit y PennyLane y lo ponemos junto a la fuerza bruta exacta y una heurística voraz sobre el MISMO grafo. El resultado honesto: a estos tamaños el óptimo clásico se encuentra en microsegundos y QAOA no gana."
  },
  "qubits": 3,
  "steps": [
   {
    "index": 0,
    "gate": "init",
    "targets": [],
    "label": {
     "en": "Initial state |0…0⟩",
     "es": "Estado inicial |0…0⟩"
    },
    "statevector": [
     {
      "re": 1.0,
      "im": 0.0
     },
     {
      "re": 0.0,
      "im": 0.0
     },
     {
      "re": 0.0,
      "im": 0.0
     },
     {
      "re": 0.0,
      "im": 0.0
     },
     {
      "re": 0.0,
      "im": 0.0
     },
     {
      "re": 0.0,
      "im": 0.0
     },
     {
      "re": 0.0,
      "im": 0.0
     },
     {
      "re": 0.0,
      "im": 0.0
     }
    ],
    "bloch": [
     [
      0.0,
      0.0,
      1.0
     ],
     [
      0.0,
      0.0,
      1.0
     ],
     [
      0.0,
      0.0,
      1.0
     ]
    ],
    "probabilities": [
     1.0,
     0.0,
     0.0,
     0.0,
     0.0,
     0.0,
     0.0,
     0.0
    ],
    "params": []
   },
   {
    "index": 1,
    "gate": "H",
    "targets": [
     0
    ],
    "label": {
     "en": "H q[0]",
     "es": "H q[0]"
    },
    "statevector": [
     {
      "re": 0.707107,
      "im": 0.0
     },
     {
      "re": 0.707107,
      "im": 0.0
     },
     {
      "re": 0.0,
      "im": 0.0
     },
     {
      "re": 0.0,
      "im": 0.0
     },
     {
      "re": 0.0,
      "im": 0.0
     },
     {
      "re": 0.0,
      "im": 0.0
     },
     {
      "re": 0.0,
      "im": 0.0
     },
     {
      "re": 0.0,
      "im": 0.0
     }
    ],
    "bloch": [
     [
      1.0,
      0.0,
      0.0
     ],
     [
      0.0,
      0.0,
      1.0
     ],
     [
      0.0,
      0.0,
      1.0
     ]
    ],
    "probabilities": [
     0.5,
     0.5,
     0.0,
     0.0,
     0.0,
     0.0,
     0.0,
     0.0
    ],
    "params": []
   },
   {
    "index": 2,
    "gate": "H",
    "targets": [
     1
    ],
    "label": {
     "en": "H q[1]",
     "es": "H q[1]"
    },
    "statevector": [
     {
      "re": 0.5,
      "im": 0.0
     },
     {
      "re": 0.5,
      "im": 0.0
     },
     {
      "re": 0.5,
      "im": 0.0
     },
     {
      "re": 0.5,
      "im": 0.0
     },
     {
      "re": 0.0,
      "im": 0.0
     },
     {
      "re": 0.0,
      "im": 0.0
     },
     {
      "re": 0.0,
      "im": 0.0
     },
     {
      "re": 0.0,
      "im": 0.0
     }
    ],
    "bloch": [
     [
      1.0,
      0.0,
      0.0
     ],
     [
      1.0,
      0.0,
      0.0
     ],
     [
      0.0,
      0.0,
      1.0
     ]
    ],
    "probabilities": [
     0.25,
     0.25,
     0.25,
     0.25,
     0.0,
     0.0,
     0.0,
     0.0
    ],
    "params": []
   },
   {
    "index": 3,
    "gate": "H",
    "targets": [
     2
    ],
    "label": {
     "en": "H q[2]",
     "es": "H q[2]"
    },
    "statevector": [
     {
      "re": 0.353553,
      "im": 0.0
     },
     {
      "re": 0.353553,
      "im": 0.0
     },
     {
      "re": 0.353553,
      "im": 0.0
     },
     {
      "re": 0.353553,
      "im": 0.0
     },
     {
      "re": 0.353553,
      "im": 0.0
     },
     {
      "re": 0.353553,
      "im": 0.0
     },
     {
      "re": 0.353553,
      "im": 0.0
     },
     {
      "re": 0.353553,
      "im": 0.0
     }
    ],
    "bloch": [
     [
      1.0,
      0.0,
      0.0
     ],
     [
      1.0,
      0.0,
      0.0
     ],
     [
      1.0,
      0.0,
      0.0
     ]
    ],
    "probabilities": [
     0.125,
     0.125,
     0.125,
     0.125,
     0.125,
     0.125,
     0.125,
     0.125
    ],
    "params": []
   },
   {
    "index": 4,
    "gate": "RZZ",
    "targets": [
     0,
     1
    ],
    "label": {
     "en": "RZZ q[0, 1]",
     "es": "RZZ q[0, 1]"
    },
    "statevector": [
     {
      "re": 0.340443,
      "im": -0.095388
     },
     {
      "re": 0.340443,
      "im": 0.095388
     },
     {
      "re": 0.340443,
      "im": 0.095388
     },
     {
      "re": 0.340443,
      "im": -0.095388
     },
     {
      "re": 0.340443,
      "im": -0.095388
     },
     {
      "re": 0.340443,
      "im": 0.095388
     },
     {
      "re": 0.340443,
      "im": 0.095388
     },
     {
      "re": 0.340443,
      "im": -0.095388
     }
    ],
    "bloch": [
     [
      0.854419,
      0.0,
      0.0
     ],
     [
      0.854419,
      0.0,
      0.0
     ],
     [
      1.0,
      0.0,
      0.0
     ]
    ],
    "probabilities": [
     0.125,
     0.125,
     0.125,
     0.125,
     0.125,
     0.125,
     0.125,
     0.125
    ],
    "params": [
     0.546364
    ]
   },
   {
    "index": 5,
    "gate": "RZZ",
    "targets": [
     1,
     2
    ],
    "label": {
     "en": "RZZ q[1, 2]",
     "es": "RZZ q[1, 2]"
    },
    "statevector": [
     {
      "re": 0.302083,
      "im": -0.183701
     },
     {
      "re": 0.353553,
      "im": 0.0
     },
     {
      "re": 0.302083,
      "im": 0.183701
     },
     {
      "re": 0.353553,
      "im": -0.0
     },
     {
      "re": 0.353553,
      "im": -0.0
     },
     {
      "re": 0.302083,
      "im": 0.183701
     },
     {
      "re": 0.353553,
      "im": 0.0
     },
     {
      "re": 0.302083,
      "im": -0.183701
     }
    ],
    "bloch": [
     [
      0.854419,
      -0.0,
      0.0
     ],
     [
      0.730033,
      0.0,
      0.0
     ],
     [
      0.854419,
      -0.0,
      0.0
     ]
    ],
    "probabilities": [
     0.125,
     0.125,
     0.125,
     0.125,
     0.125,
     0.125,
     0.125,
     0.125
    ],
    "params": [
     0.546364
    ]
   },
   {
    "index": 6,
    "gate": "RZZ",
    "targets": [
     0,
     2
    ],
    "label": {
     "en": "RZZ q[0, 2]",
     "es": "RZZ q[0, 2]"
    },
    "statevector": [
     {
      "re": 0.241319,
      "im": -0.25839
     },
     {
      "re": 0.340443,
      "im": 0.095388
     },
     {
      "re": 0.340443,
      "im": 0.095388
     },
     {
      "re": 0.340443,
      "im": 0.095388
     },
     {
      "re": 0.340443,
      "im": 0.095388
     },
     {
      "re": 0.340443,
      "im": 0.095388
     },
     {
      "re": 0.340443,
      "im": 0.095388
     },
     {
      "re": 0.241319,
      "im": -0.25839
     }
    ],
    "bloch": [
     [
      0.730033,
      -0.0,
      0.0
     ],
     [
      0.730033,
      -0.0,
      0.0
     ],
     [
      0.730033,
      -0.0,
      0.0
     ]
    ],
    "probabilities": [
     0.125,
     0.125,
     0.125,
     0.125,
     0.125,
     0.125,
     0.125,
     0.125
    ],
    "params": [
     0.546364
    ]
   },
   {
    "index": 7,
    "gate": "RX",
    "targets": [
     0
    ],
    "label": {
     "en": "RX q[0]",
     "es": "RX q[0]"
    },
    "statevector": [
     {
      "re": 0.170693,
      "im": -0.407315
     },
     {
      "re": -0.129463,
      "im": -0.195442
     },
     {
      "re": 0.203887,
      "im": -0.288842
     },
     {
      "re": 0.203887,
      "im": -0.288842
     },
     {
      "re": 0.203887,
      "im": -0.288842
     },
     {
      "re": 0.203887,
      "im": -0.288842
     },
     {
      "re": -0.129463,
      "im": -0.195442
     },
     {
      "re": 0.170693,
      "im": -0.407315
     }
    ],
    "bloch": [
     [
      0.730033,
      0.0,
      0.0
     ],
     [
      0.730033,
      0.0,
      0.0
     ],
     [
      0.730033,
      0.0,
      0.0
     ]
    ],
    "probabilities": [
     0.195042,
     0.054958,
     0.125,
     0.125,
     0.125,
     0.125,
     0.054958,
     0.195042
    ],
    "params": [
     2.458638
    ]
   },
   {
    "index": 8,
    "gate": "RX",
    "targets": [
     1
    ],
    "label": {
     "en": "RX q[1]",
     "es": "RX q[1]"
    },
    "statevector": [
     {
      "re": -0.215003,
      "im": -0.328517
     },
     {
      "re": -0.31552,
      "im": -0.257565
     },
     {
      "re": -0.31552,
      "im": -0.257565
     },
     {
      "re": -0.11588,
      "im": 0.025261
     },
     {
      "re": -0.11588,
      "im": 0.025261
     },
     {
      "re": -0.31552,
      "im": -0.257565
     },
     {
      "re": -0.31552,
      "im": -0.257565
     },
     {
      "re": -0.215003,
      "im": -0.328517
     }
    ],
    "bloch": [
     [
      0.730033,
      0.0,
      0.0
     ],
     [
      0.730033,
      -0.0,
      0.0
     ],
     [
      0.730033,
      -0.0,
      0.0
     ]
    ],
    "probabilities": [
     0.15415,
     0.165892,
     0.165892,
     0.014066,
     0.014066,
     0.165892,
     0.165892,
     0.15415
    ],
    "params": [
     2.458638
    ]
   },
   {
    "index": 9,
    "gate": "RX",
    "targets": [
     2
    ],
    "label": {
     "en": "RX q[2]",
     "es": "RX q[2]"
    },
    "statevector": [
     {
      "re": -0.048198,
      "im": -0.000825
     },
     {
      "re": -0.348354,
      "im": 0.211049
     },
     {
      "re": -0.348354,
      "im": 0.211049
     },
     {
      "re": -0.348354,
      "im": 0.211049
     },
     {
      "re": -0.348354,
      "im": 0.211049
     },
     {
      "re": -0.348354,
      "im": 0.211049
     },
     {
      "re": -0.348354,
      "im": 0.211049
     },
     {
      "re": -0.048198,
      "im": -0.000825
     }
    ],
    "bloch": [
     [
      0.730033,
      0.0,
      0.0
     ],
     [
      0.730033,
      0.0,
      0.0
     ],
     [
      0.730033,
      0.0,
      0.0
     ]
    ],
    "probabilities": [
     0.002324,
     0.165892,
     0.165892,
     0.165892,
     0.165892,
     0.165892,
     0.165892,
     0.002324
    ],
    "params": [
     2.458638
    ]
   }
  ],
  "measurements": {
   "counts": {
    "000": 6,
    "001": 346,
    "010": 338,
    "011": 345,
    "100": 329,
    "101": 324,
    "110": 354,
    "111": 6
   },
   "shots": 2048
  },
  "circuit_ops": [
   {
    "gate": "h",
    "targets": [
     0
    ],
    "params": []
   },
   {
    "gate": "h",
    "targets": [
     1
    ],
    "params": []
   },
   {
    "gate": "h",
    "targets": [
     2
    ],
    "params": []
   },
   {
    "gate": "rzz",
    "targets": [
     0,
     1
    ],
    "params": [
     0.546364
    ]
   },
   {
    "gate": "rzz",
    "targets": [
     1,
     2
    ],
    "params": [
     0.546364
    ]
   },
   {
    "gate": "rzz",
    "targets": [
     0,
     2
    ],
    "params": [
     0.546364
    ]
   },
   {
    "gate": "rx",
    "targets": [
     0
    ],
    "params": [
     2.458638
    ]
   },
   {
    "gate": "rx",
    "targets": [
     1
    ],
    "params": [
     2.458638
    ]
   },
   {
    "gate": "rx",
    "targets": [
     2
    ],
    "params": [
     2.458638
    ]
   }
  ],
  "provenance": {
   "engine": "qiskit",
   "engine_version": "2.4.2",
   "seed": 42,
   "lane": "tbd",
   "ran_on": "simulator"
  },
  "references": [
   {
    "label": "Farhi, Goldstone & Gutmann, A Quantum Approximate Optimization Algorithm (2014)",
    "url": "https://arxiv.org/abs/1411.4028"
   },
   {
    "label": "Goemans & Williamson, .878-approximation for MAX CUT via SDP (1995)",
    "doi": "10.1145/227683.227684"
   },
   {
    "label": "Barak & Marwaha, Classical algorithms vs low-depth QAOA on high-girth graphs (2021)",
    "url": "https://arxiv.org/abs/2106.05900"
   }
  ],
  "extra": {
   "landscape": {
    "gammas": [
     0.0,
     0.1366,
     0.2732,
     0.4098,
     0.5464,
     0.683,
     0.8195,
     0.9561,
     1.0927,
     1.2293,
     1.3659,
     1.5025,
     1.6391,
     1.7757,
     1.9123,
     2.0489,
     2.1855,
     2.322,
     2.4586,
     2.5952,
     2.7318,
     2.8684,
     3.005,
     3.1416
    ],
    "betas": [
     0.0,
     0.1366,
     0.2732,
     0.4098,
     0.5464,
     0.683,
     0.8195,
     0.9561,
     1.0927,
     1.2293,
     1.3659,
     1.5025,
     1.6391,
     1.7757,
     1.9123,
     2.0489,
     2.1855,
     2.322,
     2.4586,
     2.5952,
     2.7318,
     2.8684,
     3.005,
     3.1416
    ],
    "expectation": [
     [
      1.5,
      1.5,
      1.5,
      1.5,
      1.5,
      1.5,
      1.5,
      1.5,
      1.5,
      1.5,
      1.5,
      1.5,
      1.5,
      1.5,
      1.5,
      1.5,
      1.5,
      1.5,
      1.5,
      1.5,
      1.5,
      1.5,
      1.5,
      1.5
     ],
     [
      1.5,
      1.2896,
      1.1245,
      1.0529,
      1.0956,
      1.2401,
      1.4444,
      1.649,
      1.7943,
      1.8381,
      1.7675,
      1.6031,
      1.3928,
      1.1979,
      1.075,
      1.0599,
      1.1571,
      1.3383,
      1.5506,
      1.7323,
      1.8305,
      1.8165,
      1.6945,
      1.5
     ],
     [
      1.5,
      1.1245,
      0.7994,
      0.6193,
      0.6367,
      0.8465,
      1.1876,
      1.5607,
      1.8572,
      1.9907,
      1.9224,
      1.6722,
      1.3128,
      0.9491,
      0.6867,
      0.6023,
      0.7202,
      1.0063,
      1.3771,
      1.7248,
      1.9481,
      1.9819,
      1.8165,
      1.5
     ],
     [
      1.5,
      1.0529,
      0.6193,
      0.3256,
      0.2571,
      0.4339,
      0.8044,
      1.2609,
      1.6703,
      1.9135,
      1.9197,
      1.687,
      1.2833,
      0.826,
      0.4483,
      0.2602,
      0.3165,
      0.6007,
      1.0301,
      1.4797,
      1.8186,
      1.9481,
      1.8305,
      1.5
     ],
     [
      1.5,
      1.0956,
      0.6367,
      0.2571,
      0.0672,
      0.1223,
      0.4064,
      0.8368,
      1.2881,
      1.629,
      1.7601,
      1.6434,
      1.3128,
      0.8645,
      0.4291,
      0.1334,
      0.0634,
      0.2396,
      0.6106,
      1.0684,
      1.4797,
      1.7248,
      1.7323,
      1.5
     ],
     [
      1.5,
      1.2401,
      0.8465,
      0.4339,
      0.1223,
      0.0026,
      0.1095,
      0.4119,
      0.8218,
      1.2199,
      1.4901,
      1.554,
      1.3927,
      1.0534,
      0.6348,
      0.2587,
      0.0348,
      0.0281,
      0.2407,
      0.6106,
      1.0301,
      1.3771,
      1.5506,
      1.5
     ],
     [
      1.5,
      1.4444,
      1.1876,
      0.8044,
      0.4064,
      0.1095,
      0.0,
      0.11,
      0.4073,
      0.8054,
      1.1884,
      1.4448,
      1.4999,
      1.3377,
      1.0054,
      0.5997,
      0.2389,
      0.0278,
      0.0281,
      0.2396,
      0.6007,
      1.0063,
      1.3383,
      1.5
     ],
     [
      1.5,
      1.649,
      1.5607,
      1.2609,
      0.8368,
      0.4119,
      0.11,
      0.0189,
      0.1651,
      0.5062,
      0.9427,
      1.3476,
      1.603,
      1.6345,
      1.433,
      1.0571,
      0.6163,
      0.2389,
      0.0348,
      0.0634,
      0.3165,
      0.7202,
      1.1571,
      1.5
     ],
     [
      1.5,
      1.7943,
      1.8572,
      1.6703,
      1.2881,
      0.8218,
      0.4073,
      0.1651,
      0.1659,
      0.4094,
      0.8246,
      1.2908,
      1.6721,
      1.8576,
      1.7932,
      1.4977,
      1.0571,
      0.5997,
      0.2587,
      0.1334,
      0.2602,
      0.6023,
      1.0599,
      1.5
     ],
     [
      1.5,
      1.8381,
      1.9907,
      1.9135,
      1.629,
      1.2199,
      0.8054,
      0.5062,
      0.4094,
      0.5431,
      0.8685,
      1.2908,
      1.687,
      1.9418,
      1.981,
      1.7932,
      1.433,
      1.0054,
      0.6348,
      0.4291,
      0.4483,
      0.6867,
      1.075,
      1.5
     ],
     [
      1.5,
      1.7675,
      1.9224,
      1.9197,
      1.7601,
      1.4901,
      1.1884,
      0.9427,
      0.8246,
      0.8685,
      1.0616,
      1.3477,
      1.6435,
      1.8628,
      1.9418,
      1.8576,
      1.6345,
      1.3377,
      1.0534,
      0.8645,
      0.826,
      0.9491,
      1.1979,
      1.5
     ],
     [
      1.5,
      1.6031,
      1.6722,
      1.687,
      1.6434,
      1.554,
      1.4448,
      1.3476,
      1.2908,
      1.2908,
      1.3477,
      1.4449,
      1.5541,
      1.6435,
      1.687,
      1.6721,
      1.603,
      1.4999,
      1.3927,
      1.3128,
      1.2833,
      1.3128,
      1.3928,
      1.5
     ],
     [
      1.5,
      1.3928,
      1.3128,
      1.2833,
      1.3128,
      1.3927,
      1.4999,
      1.603,
      1.6721,
      1.687,
      1.6435,
      1.5541,
      1.4449,
      1.3477,
      1.2908,
      1.2908,
      1.3476,
      1.4448,
      1.554,
      1.6434,
      1.687,
      1.6722,
      1.6031,
      1.5
     ],
     [
      1.5,
      1.1979,
      0.9491,
      0.826,
      0.8645,
      1.0534,
      1.3377,
      1.6345,
      1.8576,
      1.9418,
      1.8628,
      1.6435,
      1.3477,
      1.0616,
      0.8685,
      0.8246,
      0.9427,
      1.1884,
      1.4901,
      1.7601,
      1.9197,
      1.9224,
      1.7675,
      1.5
     ],
     [
      1.5,
      1.075,
      0.6867,
      0.4483,
      0.4291,
      0.6348,
      1.0054,
      1.433,
      1.7932,
      1.981,
      1.9418,
      1.687,
      1.2908,
      0.8685,
      0.5431,
      0.4094,
      0.5062,
      0.8054,
      1.2199,
      1.629,
      1.9135,
      1.9907,
      1.8381,
      1.5
     ],
     [
      1.5,
      1.0599,
      0.6023,
      0.2602,
      0.1334,
      0.2587,
      0.5997,
      1.0571,
      1.4977,
      1.7932,
      1.8576,
      1.6721,
      1.2908,
      0.8246,
      0.4094,
      0.1659,
      0.1651,
      0.4073,
      0.8218,
      1.2881,
      1.6703,
      1.8572,
      1.7943,
      1.5
     ],
     [
      1.5,
      1.1571,
      0.7202,
      0.3165,
      0.0634,
      0.0348,
      0.2389,
      0.6163,
      1.0571,
      1.433,
      1.6345,
      1.603,
      1.3476,
      0.9427,
      0.5062,
      0.1651,
      0.0189,
      0.11,
      0.4119,
      0.8368,
      1.2609,
      1.5607,
      1.649,
      1.5
     ],
     [
      1.5,
      1.3383,
      1.0063,
      0.6007,
      0.2396,
      0.0281,
      0.0278,
      0.2389,
      0.5997,
      1.0054,
      1.3377,
      1.4999,
      1.4448,
      1.1884,
      0.8054,
      0.4073,
      0.11,
      0.0,
      0.1095,
      0.4064,
      0.8044,
      1.1876,
      1.4444,
      1.5
     ],
     [
      1.5,
      1.5506,
      1.3771,
      1.0301,
      0.6106,
      0.2407,
      0.0281,
      0.0348,
      0.2587,
      0.6348,
      1.0534,
      1.3927,
      1.554,
      1.4901,
      1.2199,
      0.8218,
      0.4119,
      0.1095,
      0.0026,
      0.1223,
      0.4339,
      0.8465,
      1.2401,
      1.5
     ],
     [
      1.5,
      1.7323,
      1.7248,
      1.4797,
      1.0684,
      0.6106,
      0.2396,
      0.0634,
      0.1334,
      0.4291,
      0.8645,
      1.3128,
      1.6434,
      1.7601,
      1.629,
      1.2881,
      0.8368,
      0.4064,
      0.1223,
      0.0672,
      0.2571,
      0.6367,
      1.0956,
      1.5
     ],
     [
      1.5,
      1.8305,
      1.9481,
      1.8186,
      1.4797,
      1.0301,
      0.6007,
      0.3165,
      0.2602,
      0.4483,
      0.826,
      1.2833,
      1.687,
      1.9197,
      1.9135,
      1.6703,
      1.2609,
      0.8044,
      0.4339,
      0.2571,
      0.3256,
      0.6193,
      1.0529,
      1.5
     ],
     [
      1.5,
      1.8165,
      1.9819,
      1.9481,
      1.7248,
      1.3771,
      1.0063,
      0.7202,
      0.6023,
      0.6867,
      0.9491,
      1.3128,
      1.6722,
      1.9224,
      1.9907,
      1.8572,
      1.5607,
      1.1876,
      0.8465,
      0.6367,
      0.6193,
      0.7994,
      1.1245,
      1.5
     ],
     [
      1.5,
      1.6945,
      1.8165,
      1.8305,
      1.7323,
      1.5506,
      1.3383,
      1.1571,
      1.0599,
      1.075,
      1.1979,
      1.3928,
      1.6031,
      1.7675,
      1.8381,
      1.7943,
      1.649,
      1.4444,
      1.2401,
      1.0956,
      1.0529,
      1.1245,
      1.2896,
      1.5
     ],
     [
      1.5,
      1.5,
      1.5,
      1.5,
      1.5,
      1.5,
      1.5,
      1.5,
      1.5,
      1.5,
      1.5,
      1.5,
      1.5,
      1.5,
      1.5,
      1.5,
      1.5,
      1.5,
      1.5,
      1.5,
      1.5,
      1.5,
      1.5,
      1.5
     ]
    ]
   },
   "gamma": 0.2732,
   "beta": 1.2293
  },
  "schema_version": "qlab-trace/1"
 },
 "solvers": [
  {
   "solver": "maxcut-bruteforce",
   "label": {
    "en": "Brute force (optimal) · classical",
    "es": "Fuerza bruta (óptimo) · clásico"
   },
   "framework": "classical:numpy",
   "paradigm": "classical",
   "value": {
    "cut": 2,
    "bitstring": "001"
   },
   "cost": {
    "wall_ms": 0.0093,
    "evaluated": 8
   },
   "notes": {
    "en": "Enumerated all 8 partitions; the optimum (2) is exact and found in 0.009 ms. This is the bar QAOA must beat — and does not, at this scale.",
    "es": "Enumeró las 8 particiones; el óptimo (2) es exacto y se encontró en 0.009 ms. Este es el listón que QAOA debe superar — y no lo hace, a esta escala."
   },
   "optimal": true,
   "extra": {}
  },
  {
   "solver": "maxcut-greedy",
   "label": {
    "en": "Greedy local search · classical",
    "es": "Búsqueda voraz local · clásico"
   },
   "framework": "classical:numpy",
   "paradigm": "classical",
   "value": {
    "cut": 2,
    "bitstring": "011"
   },
   "cost": {
    "wall_ms": 0.0387
   },
   "notes": {
    "en": "Single-flip local search from a random start — a trivial classical heuristic that already reaches (or nearly reaches) the optimum on these graphs.",
    "es": "Búsqueda local de un solo flip desde un inicio aleatorio — una heurística clásica trivial que ya alcanza (o casi) el óptimo en estos grafos."
   },
   "optimal": false,
   "extra": {}
  },
  {
   "solver": "qaoa-qiskit",
   "label": {
    "en": "QAOA (p=1) · Qiskit",
    "es": "QAOA (p=1) · Qiskit"
   },
   "framework": "qiskit",
   "paradigm": "quantum-sim",
   "value": {
    "cut": 2,
    "bitstring": "100",
    "expectation": 1.9907
   },
   "cost": {
    "wall_ms": 152.8,
    "qubits": 3,
    "depth": 9,
    "evaluations": 576
   },
   "notes": {
    "en": "p=1 QAOA, exact-statevector grid-search over (γ,β). Best ⟨C⟩=1.991; most-probable bitstring cuts 2 edges.",
    "es": "QAOA p=1, búsqueda en malla (γ,β) con vector de estado exacto. Mejor ⟨C⟩=1.991; la cadena más probable corta 2 aristas."
   },
   "optimal": false,
   "extra": {
    "landscape": {
     "gammas": [
      0.0,
      0.1366,
      0.2732,
      0.4098,
      0.5464,
      0.683,
      0.8195,
      0.9561,
      1.0927,
      1.2293,
      1.3659,
      1.5025,
      1.6391,
      1.7757,
      1.9123,
      2.0489,
      2.1855,
      2.322,
      2.4586,
      2.5952,
      2.7318,
      2.8684,
      3.005,
      3.1416
     ],
     "betas": [
      0.0,
      0.1366,
      0.2732,
      0.4098,
      0.5464,
      0.683,
      0.8195,
      0.9561,
      1.0927,
      1.2293,
      1.3659,
      1.5025,
      1.6391,
      1.7757,
      1.9123,
      2.0489,
      2.1855,
      2.322,
      2.4586,
      2.5952,
      2.7318,
      2.8684,
      3.005,
      3.1416
     ],
     "expectation": [
      [
       1.5,
       1.5,
       1.5,
       1.5,
       1.5,
       1.5,
       1.5,
       1.5,
       1.5,
       1.5,
       1.5,
       1.5,
       1.5,
       1.5,
       1.5,
       1.5,
       1.5,
       1.5,
       1.5,
       1.5,
       1.5,
       1.5,
       1.5,
       1.5
      ],
      [
       1.5,
       1.2896,
       1.1245,
       1.0529,
       1.0956,
       1.2401,
       1.4444,
       1.649,
       1.7943,
       1.8381,
       1.7675,
       1.6031,
       1.3928,
       1.1979,
       1.075,
       1.0599,
       1.1571,
       1.3383,
       1.5506,
       1.7323,
       1.8305,
       1.8165,
       1.6945,
       1.5
      ],
      [
       1.5,
       1.1245,
       0.7994,
       0.6193,
       0.6367,
       0.8465,
       1.1876,
       1.5607,
       1.8572,
       1.9907,
       1.9224,
       1.6722,
       1.3128,
       0.9491,
       0.6867,
       0.6023,
       0.7202,
       1.0063,
       1.3771,
       1.7248,
       1.9481,
       1.9819,
       1.8165,
       1.5
      ],
      [
       1.5,
       1.0529,
       0.6193,
       0.3256,
       0.2571,
       0.4339,
       0.8044,
       1.2609,
       1.6703,
       1.9135,
       1.9197,
       1.687,
       1.2833,
       0.826,
       0.4483,
       0.2602,
       0.3165,
       0.6007,
       1.0301,
       1.4797,
       1.8186,
       1.9481,
       1.8305,
       1.5
      ],
      [
       1.5,
       1.0956,
       0.6367,
       0.2571,
       0.0672,
       0.1223,
       0.4064,
       0.8368,
       1.2881,
       1.629,
       1.7601,
       1.6434,
       1.3128,
       0.8645,
       0.4291,
       0.1334,
       0.0634,
       0.2396,
       0.6106,
       1.0684,
       1.4797,
       1.7248,
       1.7323,
       1.5
      ],
      [
       1.5,
       1.2401,
       0.8465,
       0.4339,
       0.1223,
       0.0026,
       0.1095,
       0.4119,
       0.8218,
       1.2199,
       1.4901,
       1.554,
       1.3927,
       1.0534,
       0.6348,
       0.2587,
       0.0348,
       0.0281,
       0.2407,
       0.6106,
       1.0301,
       1.3771,
       1.5506,
       1.5
      ],
      [
       1.5,
       1.4444,
       1.1876,
       0.8044,
       0.4064,
       0.1095,
       0.0,
       0.11,
       0.4073,
       0.8054,
       1.1884,
       1.4448,
       1.4999,
       1.3377,
       1.0054,
       0.5997,
       0.2389,
       0.0278,
       0.0281,
       0.2396,
       0.6007,
       1.0063,
       1.3383,
       1.5
      ],
      [
       1.5,
       1.649,
       1.5607,
       1.2609,
       0.8368,
       0.4119,
       0.11,
       0.0189,
       0.1651,
       0.5062,
       0.9427,
       1.3476,
       1.603,
       1.6345,
       1.433,
       1.0571,
       0.6163,
       0.2389,
       0.0348,
       0.0634,
       0.3165,
       0.7202,
       1.1571,
       1.5
      ],
      [
       1.5,
       1.7943,
       1.8572,
       1.6703,
       1.2881,
       0.8218,
       0.4073,
       0.1651,
       0.1659,
       0.4094,
       0.8246,
       1.2908,
       1.6721,
       1.8576,
       1.7932,
       1.4977,
       1.0571,
       0.5997,
       0.2587,
       0.1334,
       0.2602,
       0.6023,
       1.0599,
       1.5
      ],
      [
       1.5,
       1.8381,
       1.9907,
       1.9135,
       1.629,
       1.2199,
       0.8054,
       0.5062,
       0.4094,
       0.5431,
       0.8685,
       1.2908,
       1.687,
       1.9418,
       1.981,
       1.7932,
       1.433,
       1.0054,
       0.6348,
       0.4291,
       0.4483,
       0.6867,
       1.075,
       1.5
      ],
      [
       1.5,
       1.7675,
       1.9224,
       1.9197,
       1.7601,
       1.4901,
       1.1884,
       0.9427,
       0.8246,
       0.8685,
       1.0616,
       1.3477,
       1.6435,
       1.8628,
       1.9418,
       1.8576,
       1.6345,
       1.3377,
       1.0534,
       0.8645,
       0.826,
       0.9491,
       1.1979,
       1.5
      ],
      [
       1.5,
       1.6031,
       1.6722,
       1.687,
       1.6434,
       1.554,
       1.4448,
       1.3476,
       1.2908,
       1.2908,
       1.3477,
       1.4449,
       1.5541,
       1.6435,
       1.687,
       1.6721,
       1.603,
       1.4999,
       1.3927,
       1.3128,
       1.2833,
       1.3128,
       1.3928,
       1.5
      ],
      [
       1.5,
       1.3928,
       1.3128,
       1.2833,
       1.3128,
       1.3927,
       1.4999,
       1.603,
       1.6721,
       1.687,
       1.6435,
       1.5541,
       1.4449,
       1.3477,
       1.2908,
       1.2908,
       1.3476,
       1.4448,
       1.554,
       1.6434,
       1.687,
       1.6722,
       1.6031,
       1.5
      ],
      [
       1.5,
       1.1979,
       0.9491,
       0.826,
       0.8645,
       1.0534,
       1.3377,
       1.6345,
       1.8576,
       1.9418,
       1.8628,
       1.6435,
       1.3477,
       1.0616,
       0.8685,
       0.8246,
       0.9427,
       1.1884,
       1.4901,
       1.7601,
       1.9197,
       1.9224,
       1.7675,
       1.5
      ],
      [
       1.5,
       1.075,
       0.6867,
       0.4483,
       0.4291,
       0.6348,
       1.0054,
       1.433,
       1.7932,
       1.981,
       1.9418,
       1.687,
       1.2908,
       0.8685,
       0.5431,
       0.4094,
       0.5062,
       0.8054,
       1.2199,
       1.629,
       1.9135,
       1.9907,
       1.8381,
       1.5
      ],
      [
       1.5,
       1.0599,
       0.6023,
       0.2602,
       0.1334,
       0.2587,
       0.5997,
       1.0571,
       1.4977,
       1.7932,
       1.8576,
       1.6721,
       1.2908,
       0.8246,
       0.4094,
       0.1659,
       0.1651,
       0.4073,
       0.8218,
       1.2881,
       1.6703,
       1.8572,
       1.7943,
       1.5
      ],
      [
       1.5,
       1.1571,
       0.7202,
       0.3165,
       0.0634,
       0.0348,
       0.2389,
       0.6163,
       1.0571,
       1.433,
       1.6345,
       1.603,
       1.3476,
       0.9427,
       0.5062,
       0.1651,
       0.0189,
       0.11,
       0.4119,
       0.8368,
       1.2609,
       1.5607,
       1.649,
       1.5
      ],
      [
       1.5,
       1.3383,
       1.0063,
       0.6007,
       0.2396,
       0.0281,
       0.0278,
       0.2389,
       0.5997,
       1.0054,
       1.3377,
       1.4999,
       1.4448,
       1.1884,
       0.8054,
       0.4073,
       0.11,
       0.0,
       0.1095,
       0.4064,
       0.8044,
       1.1876,
       1.4444,
       1.5
      ],
      [
       1.5,
       1.5506,
       1.3771,
       1.0301,
       0.6106,
       0.2407,
       0.0281,
       0.0348,
       0.2587,
       0.6348,
       1.0534,
       1.3927,
       1.554,
       1.4901,
       1.2199,
       0.8218,
       0.4119,
       0.1095,
       0.0026,
       0.1223,
       0.4339,
       0.8465,
       1.2401,
       1.5
      ],
      [
       1.5,
       1.7323,
       1.7248,
       1.4797,
       1.0684,
       0.6106,
       0.2396,
       0.0634,
       0.1334,
       0.4291,
       0.8645,
       1.3128,
       1.6434,
       1.7601,
       1.629,
       1.2881,
       0.8368,
       0.4064,
       0.1223,
       0.0672,
       0.2571,
       0.6367,
       1.0956,
       1.5
      ],
      [
       1.5,
       1.8305,
       1.9481,
       1.8186,
       1.4797,
       1.0301,
       0.6007,
       0.3165,
       0.2602,
       0.4483,
       0.826,
       1.2833,
       1.687,
       1.9197,
       1.9135,
       1.6703,
       1.2609,
       0.8044,
       0.4339,
       0.2571,
       0.3256,
       0.6193,
       1.0529,
       1.5
      ],
      [
       1.5,
       1.8165,
       1.9819,
       1.9481,
       1.7248,
       1.3771,
       1.0063,
       0.7202,
       0.6023,
       0.6867,
       0.9491,
       1.3128,
       1.6722,
       1.9224,
       1.9907,
       1.8572,
       1.5607,
       1.1876,
       0.8465,
       0.6367,
       0.6193,
       0.7994,
       1.1245,
       1.5
      ],
      [
       1.5,
       1.6945,
       1.8165,
       1.8305,
       1.7323,
       1.5506,
       1.3383,
       1.1571,
       1.0599,
       1.075,
       1.1979,
       1.3928,
       1.6031,
       1.7675,
       1.8381,
       1.7943,
       1.649,
       1.4444,
       1.2401,
       1.0956,
       1.0529,
       1.1245,
       1.2896,
       1.5
      ],
      [
       1.5,
       1.5,
       1.5,
       1.5,
       1.5,
       1.5,
       1.5,
       1.5,
       1.5,
       1.5,
       1.5,
       1.5,
       1.5,
       1.5,
       1.5,
       1.5,
       1.5,
       1.5,
       1.5,
       1.5,
       1.5,
       1.5,
       1.5,
       1.5
      ]
     ]
    }
   }
  },
  {
   "solver": "qaoa-pennylane",
   "label": {
    "en": "QAOA (p=1) · PennyLane",
    "es": "QAOA (p=1) · PennyLane"
   },
   "framework": "pennylane",
   "paradigm": "quantum-sim",
   "value": {
    "cut": 2,
    "bitstring": "110"
   },
   "cost": {
    "wall_ms": 707.1,
    "qubits": 3,
    "evaluations": 576
   },
   "notes": {
    "en": "Independent QAOA on PennyLane default.qubit (same (γ,β) grid as the Qiskit adapter); most-probable bitstring cuts 2 edges — cross-checks Qiskit.",
    "es": "QAOA independiente en PennyLane default.qubit (misma malla (γ,β) que el adaptador de Qiskit); la cadena más probable corta 2 aristas — verifica a Qiskit."
   },
   "optimal": false,
   "extra": {}
  }
 ],
 "comparison": {
  "optimal_cut": 2,
  "qaoa_cut": 2,
  "verdict": {
   "en": "Exact classical brute force found the optimum cut = 2 in 0.0093 ms. QAOA (p=1) reached cut = 2. At this scale the classical optimum is instant and QAOA does not win — the honest, expected result.",
   "es": "La fuerza bruta clásica exacta halló el corte óptimo = 2 en 0.0093 ms. QAOA (p=1) alcanzó corte = 2. A esta escala el óptimo clásico es instantáneo y QAOA no gana — el resultado honesto y esperado."
  }
 },
 "references": [
  {
   "label": "Farhi, Goldstone & Gutmann, A Quantum Approximate Optimization Algorithm (2014)",
   "url": "https://arxiv.org/abs/1411.4028"
  },
  {
   "label": "Goemans & Williamson, .878-approximation for MAX CUT via SDP (1995)",
   "doi": "10.1145/227683.227684"
  },
  {
   "label": "Barak & Marwaha, Classical algorithms vs low-depth QAOA on high-girth graphs (2021)",
   "url": "https://arxiv.org/abs/2106.05900"
  }
 ]
}